m=75;
g=9.81;
I=5;
R=1.25;
v0=44;